time	V(n003)	V(n004)
4.000000117849645e+000	-2.592029e-001	8.924822e-001
4.000000127439687e+000	-2.593225e-001	1.371984e+000
4.000000137909734e+000	-2.595501e-001	1.895487e+000
4.000000149089289e+000	-2.599110e-001	2.454464e+000
4.000000164246597e+000	-2.605540e-001	3.212330e+000
4.000000181820501e+000	-2.614301e-001	4.091025e+000
4.000000200000000e+000	-2.624037e-001	5.000000e+000
4.000000212725650e+000	-2.630507e-001	5.000000e+000
4.000000223094787e+000	-2.634624e-001	5.000000e+000
4.000000234858003e+000	-2.637720e-001	5.000000e+000
4.000000246876209e+000	-2.638914e-001	5.000000e+000
4.000000260238522e+000	-2.637987e-001	5.000000e+000
4.000000275519731e+000	-2.634666e-001	5.000000e+000
4.000000291938557e+000	-2.629282e-001	5.000000e+000
4.000000314853207e+000	-2.620517e-001	5.000000e+000
4.000000334588644e+000	-2.613085e-001	5.000000e+000
4.000000377028578e+000	-2.600925e-001	5.000000e+000
4.000000399937816e+000	-2.596975e-001	5.000000e+000
4.000000428178072e+000	-2.594137e-001	5.000000e+000
4.000000463623619e+000	-2.592438e-001	5.000000e+000
4.000000599188766e+000	-2.591529e-001	5.000000e+000
4.003420411002884e+000	-2.140132e-001	5.000000e+000
4.006840222817003e+000	-1.690240e-001	5.000000e+000
4.010260034631121e+000	-1.241852e-001	5.000000e+000
4.013679846445240e+000	-7.949694e-002	5.000000e+000
4.017099658259358e+000	-3.495915e-002	5.000000e+000
4.020519470073476e+000	9.428157e-003	5.000000e+000
4.023939281887595e+000	5.366499e-002	5.000000e+000
4.024039281887594e+000	5.495637e-002	5.000000e+000
4.038653567601846e+000	2.422351e-001	5.000000e+000
4.053267853316098e+000	4.269416e-001	5.000000e+000
4.067882139030349e+000	6.090758e-001	5.000000e+000
4.082496424744601e+000	7.886376e-001	5.000000e+000
4.097110710458852e+000	9.656272e-001	5.000000e+000
4.111724996173105e+000	1.140044e+000	5.000000e+000
4.126339281887356e+000	1.311889e+000	5.000000e+000
4.126439281887356e+000	1.313057e+000	5.000000e+000
4.141053567601607e+000	1.482448e+000	5.000000e+000
4.155667853315859e+000	1.649511e+000	5.000000e+000
4.170282139030110e+000	1.814248e+000	5.000000e+000
4.184896424744363e+000	1.976658e+000	5.000000e+000
4.199510710458614e+000	2.136742e+000	5.000000e+000
4.214124996172866e+000	2.294499e+000	5.000000e+000
4.228739281887117e+000	2.449929e+000	5.000000e+000
4.228839281887117e+000	2.450986e+000	5.000000e+000
4.243453567601368e+000	2.604196e+000	5.000000e+000
4.258067853315620e+000	2.755302e+000	5.000000e+000
4.272682139029872e+000	2.904303e+000	5.000000e+000
4.287296424744124e+000	3.051200e+000	5.000000e+000
4.301910710458375e+000	3.195993e+000	5.000000e+000
4.316524996172627e+000	3.338681e+000	5.000000e+000
4.331139281886879e+000	3.479265e+000	5.000000e+000
4.331239281886878e+000	3.480220e+000	5.000000e+000
4.345853567601130e+000	3.618796e+000	5.000000e+000
4.360467853315382e+000	3.755468e+000	5.000000e+000
4.375082139029633e+000	3.890237e+000	5.000000e+000
4.389696424743885e+000	4.023103e+000	5.000000e+000
4.404310710458137e+000	4.154065e+000	5.000000e+000
4.418924996172389e+000	4.283123e+000	5.000000e+000
4.433539281886640e+000	4.410279e+000	5.000000e+000
4.433639281886640e+000	4.411143e+000	5.000000e+000
4.440567853315195e+000	4.470816e+000	5.000000e+000
4.447496424743751e+000	4.530089e+000	5.000000e+000
4.454424996172306e+000	4.588963e+000	5.000000e+000
4.461353567600860e+000	4.647438e+000	5.000000e+000
4.468282139029416e+000	4.705513e+000	5.000000e+000
4.475210710457971e+000	4.763190e+000	5.000000e+000
4.482139281886527e+000	4.820467e+000	5.000000e+000
4.483239281886524e+000	4.829525e+000	5.000000e+000
4.484339281886522e+000	4.838564e+000	5.000000e+000
4.485439281886519e+000	4.847583e+000	5.000000e+000
4.486539281886516e+000	4.856582e+000	5.000000e+000
4.487639281886514e+000	4.865561e+000	5.000000e+000
4.488739281886511e+000	4.874521e+000	5.000000e+000
4.489839281886509e+000	4.883461e+000	5.000000e+000
4.490496424743650e+000	4.888787e+000	5.000000e+000
4.491153567600791e+000	4.894089e+000	5.000000e+000
4.491810710457933e+000	4.899365e+000	5.000000e+000
4.492467853315074e+000	4.904616e+000	5.000000e+000
4.493124996172216e+000	4.909843e+000	5.000000e+000
4.493782139029356e+000	4.915045e+000	5.000000e+000
4.494439281886498e+000	4.920221e+000	5.000000e+000
4.494953567600782e+000	4.924245e+000	5.000000e+000
4.495467853315067e+000	4.928229e+000	5.000000e+000
4.495982139029351e+000	4.932171e+000	5.000000e+000
4.496496424743636e+000	4.936073e+000	5.000000e+000
4.497010710457920e+000	4.939933e+000	5.000000e+000
4.497524996172206e+000	4.943753e+000	5.000000e+000
4.498039281886490e+000	4.947533e+000	5.000000e+000
4.498319413045563e+000	4.949563e+000	5.000000e+000
4.498599544204636e+000	4.951572e+000	5.000000e+000
4.498879675363709e+000	4.953560e+000	5.000000e+000
4.499159806522781e+000	4.955528e+000	5.000000e+000
4.499439937681854e+000	4.957476e+000	5.000000e+000
4.499720068840927e+000	4.959402e+000	5.000000e+000
4.500000200000000e+000	4.961308e+000	5.000000e+000
4.500000230000000e+000	4.961364e+000	3.500000e+000
4.500000260000001e+000	4.961524e+000	2.000000e+000
4.500000300000000e+000	4.961871e+000	1.373401e-008
4.500000357483069e+000	4.962256e+000	6.223859e-009
4.500000414966139e+000	4.962516e+000	5.630909e-010
4.500000472449208e+000	4.962652e+000	-3.248294e-009
4.500000529932277e+000	4.962663e+000	-5.210295e-009
4.500000587415346e+000	4.962549e+000	-5.322913e-009
4.500000644898416e+000	4.962311e+000	-3.586148e-009
4.500000702381485e+000	4.961948e+000	0.000000e+000
4.500000812370428e+000	4.961747e+000	0.000000e+000
4.500001032348314e+000	4.961519e+000	0.000000e+000
4.500001330946451e+000	4.961376e+000	0.000000e+000
4.500002175799261e+000	4.961298e+000	0.000000e+000
4.500327162091569e+000	4.957713e+000	0.000000e+000
4.500652148383877e+000	4.954072e+000	0.000000e+000
4.500977134676186e+000	4.950374e+000	0.000000e+000
4.501302120968495e+000	4.946619e+000	0.000000e+000
4.501627107260803e+000	4.942808e+000	0.000000e+000
4.501952093553111e+000	4.938940e+000	0.000000e+000
4.502277079845420e+000	4.935015e+000	0.000000e+000
4.502619936988276e+000	4.930837e+000	0.000000e+000
4.502962794131133e+000	4.926633e+000	0.000000e+000
4.503305651273989e+000	4.922403e+000	0.000000e+000
4.503648508416845e+000	4.918148e+000	0.000000e+000
4.503991365559701e+000	4.913866e+000	0.000000e+000
4.504334222702558e+000	4.909559e+000	0.000000e+000
4.504677079845414e+000	4.905227e+000	0.000000e+000
4.505177079845413e+000	4.898887e+000	0.000000e+000
4.505677079845412e+000	4.892535e+000	0.000000e+000
4.506177079845410e+000	4.886170e+000	0.000000e+000
4.506677079845409e+000	4.879794e+000	0.000000e+000
4.507177079845408e+000	4.873405e+000	0.000000e+000
4.507677079845407e+000	4.867004e+000	0.000000e+000
4.508177079845406e+000	4.860591e+000	0.000000e+000
4.509291365559689e+000	4.846299e+000	0.000000e+000
4.510405651273972e+000	4.832016e+000	0.000000e+000
4.511519936988255e+000	4.817743e+000	0.000000e+000
4.512634222702538e+000	4.803480e+000	0.000000e+000
4.513748508416821e+000	4.789226e+000	0.000000e+000
4.514862794131105e+000	4.774981e+000	0.000000e+000
4.515977079845388e+000	4.760746e+000	0.000000e+000
4.528977079845357e+000	4.595870e+000	0.000000e+000
4.543591365559609e+000	4.413099e+000	0.000000e+000
4.558205651273861e+000	4.232839e+000	0.000000e+000
4.572819936988112e+000	4.055090e+000	0.000000e+000
4.587434222702364e+000	3.879851e+000	0.000000e+000
4.602048508416615e+000	3.707122e+000	0.000000e+000
4.616662794130868e+000	3.536904e+000	0.000000e+000
4.631277079845119e+000	3.369196e+000	0.000000e+000
4.631377079845119e+000	3.368056e+000	0.000000e+000
4.645991365559370e+000	3.202744e+000	0.000000e+000
4.660605651273622e+000	3.039702e+000	0.000000e+000
4.675219936987873e+000	2.878931e+000	0.000000e+000
4.689834222702126e+000	2.720431e+000	0.000000e+000
4.704448508416377e+000	2.564201e+000	0.000000e+000
4.719062794130629e+000	2.410242e+000	0.000000e+000
4.733677079844880e+000	2.258553e+000	0.000000e+000
4.733777079844880e+000	2.257522e+000	0.000000e+000
4.748391365559131e+000	2.108000e+000	0.000000e+000
4.763005651273383e+000	1.960532e+000	0.000000e+000
4.777619936987635e+000	1.815118e+000	0.000000e+000
4.792234222701887e+000	1.671758e+000	0.000000e+000
4.806848508416138e+000	1.530451e+000	0.000000e+000
4.821462794130390e+000	1.391197e+000	0.000000e+000
4.836077079844642e+000	1.253998e+000	0.000000e+000
4.836177079844641e+000	1.253065e+000	0.000000e+000
4.850791365558893e+000	1.117826e+000	0.000000e+000
4.865405651273145e+000	9.844439e-001	0.000000e+000
4.880019936987396e+000	8.529194e-001	0.000000e+000
4.894634222701648e+000	7.232525e-001	0.000000e+000
4.909248508415899e+000	5.954431e-001	0.000000e+000
4.923862794130152e+000	4.694913e-001	0.000000e+000
4.938477079844403e+000	3.453970e-001	0.000000e+000
4.938577079844403e+000	3.445535e-001	0.000000e+000
4.946362794130099e+000	2.791459e-001	0.000000e+000
4.954148508415795e+000	2.142265e-001	0.000000e+000
4.961934222701491e+000	1.497950e-001	0.000000e+000
4.969719936987187e+000	8.585169e-002	0.000000e+000
4.977505651272884e+000	2.239640e-002	0.000000e+000
4.985291365558579e+000	-4.057082e-002	0.000000e+000
4.993077079844276e+000	-1.030500e-001	0.000000e+000
5.000000100000000e+000	-1.582152e-001	0.000000e+000
5.000000108952239e+000	-1.582199e-001	4.476120e-001
5.000000117849646e+000	-1.582691e-001	8.924823e-001
5.000000127439686e+000	-1.583887e-001	1.371984e+000
5.000000137909738e+000	-1.586164e-001	1.895487e+000
5.000000149090234e+000	-1.589773e-001	2.454512e+000
5.000000164247987e+000	-1.596203e-001	3.212399e+000
5.000000181822093e+000	-1.604965e-001	4.091105e+000
5.000000200000000e+000	-1.614699e-001	5.000000e+000
5.000000212724535e+000	-1.621169e-001	5.000000e+000
5.000000223094240e+000	-1.625286e-001	5.000000e+000
5.000000234856882e+000	-1.628382e-001	5.000000e+000
5.000000246875521e+000	-1.629577e-001	5.000000e+000
5.000000260237203e+000	-1.628650e-001	5.000000e+000
5.000000275518702e+000	-1.625329e-001	5.000000e+000
5.000000291938276e+000	-1.619945e-001	5.000000e+000
5.000000314851934e+000	-1.611180e-001	5.000000e+000
5.000000334586352e+000	-1.603749e-001	5.000000e+000
5.000000377025929e+000	-1.591589e-001	5.000000e+000
5.000000399934799e+000	-1.587638e-001	5.000000e+000
5.000000428174544e+000	-1.584800e-001	5.000000e+000
5.000000463618352e+000	-1.583101e-001	5.000000e+000
5.000000599186182e+000	-1.582192e-001	5.000000e+000
5.004806124517159e+000	-9.530909e-002	5.000000e+000
5.009611649848136e+000	-3.269191e-002	5.000000e+000
5.014417175179112e+000	2.963238e-002	5.000000e+000
5.019222700510089e+000	9.166377e-002	5.000000e+000
5.024028225841065e+000	1.534023e-001	5.000000e+000
5.028833751172043e+000	2.148479e-001	5.000000e+000
5.033639276503019e+000	2.760006e-001	5.000000e+000
5.033739276503018e+000	2.772702e-001	5.000000e+000
5.048353562217270e+000	4.613879e-001	5.000000e+000
5.062967847931522e+000	6.429767e-001	5.000000e+000
5.077582133645773e+000	8.220367e-001	5.000000e+000
5.092196419360025e+000	9.985677e-001	5.000000e+000
5.106810705074277e+000	1.172570e+000	5.000000e+000
5.121424990788529e+000	1.344043e+000	5.000000e+000
5.136039276502780e+000	1.512988e+000	5.000000e+000
5.136139276502780e+000	1.514136e+000	5.000000e+000
5.150753562217031e+000	1.680667e+000	5.000000e+000
5.165367847931283e+000	1.844911e+000	5.000000e+000
5.179982133645535e+000	2.006867e+000	5.000000e+000
5.194596419359787e+000	2.166536e+000	5.000000e+000
5.209210705074038e+000	2.323918e+000	5.000000e+000
5.223824990788290e+000	2.479012e+000	5.000000e+000
5.238439276502541e+000	2.631819e+000	5.000000e+000
5.238539276502541e+000	2.632858e+000	5.000000e+000
5.253153562216792e+000	2.783482e+000	5.000000e+000
5.267767847931045e+000	2.932037e+000	5.000000e+000
5.282382133645296e+000	3.078523e+000	5.000000e+000
5.296996419359548e+000	3.222941e+000	5.000000e+000
5.311610705073799e+000	3.365290e+000	5.000000e+000
5.326224990788051e+000	3.505569e+000	5.000000e+000
5.340839276502303e+000	3.643780e+000	5.000000e+000
5.340939276502303e+000	3.644720e+000	5.000000e+000
5.355553562216554e+000	3.780956e+000	5.000000e+000
5.370167847930806e+000	3.915322e+000	5.000000e+000
5.384782133645057e+000	4.047816e+000	5.000000e+000
5.399396419359309e+000	4.178439e+000	5.000000e+000
5.414010705073561e+000	4.307191e+000	5.000000e+000
5.428624990787813e+000	4.434071e+000	5.000000e+000
5.443239276502064e+000	4.559080e+000	5.000000e+000
5.443339276502064e+000	4.559930e+000	5.000000e+000
5.447924990787768e+000	4.598807e+000	5.000000e+000
5.452510705073471e+000	4.637508e+000	5.000000e+000
5.457096419359175e+000	4.676035e+000	5.000000e+000
5.461682133644878e+000	4.714387e+000	5.000000e+000
5.466267847930582e+000	4.752563e+000	5.000000e+000
5.470853562216285e+000	4.790565e+000	5.000000e+000
5.475439276501989e+000	4.828391e+000	5.000000e+000
5.476467847930558e+000	4.836852e+000	5.000000e+000
5.477496419359127e+000	4.845293e+000	5.000000e+000
5.478524990787697e+000	4.853715e+000	5.000000e+000
5.479553562216265e+000	4.862117e+000	5.000000e+000
5.480582133644834e+000	4.870500e+000	5.000000e+000
5.481610705073403e+000	4.878864e+000	5.000000e+000
5.482639276501972e+000	4.887208e+000	5.000000e+000
5.483282133644828e+000	4.892409e+000	5.000000e+000
5.483924990787684e+000	4.897583e+000	5.000000e+000
5.484567847930539e+000	4.902731e+000	5.000000e+000
5.485210705073395e+000	4.907852e+000	5.000000e+000
5.485853562216250e+000	4.912946e+000	5.000000e+000
5.486496419359106e+000	4.918014e+000	5.000000e+000
5.487139276501962e+000	4.923056e+000	5.000000e+000
5.487653562216246e+000	4.927060e+000	5.000000e+000
5.488167847930531e+000	4.931020e+000	5.000000e+000
5.488682133644815e+000	4.934936e+000	5.000000e+000
5.489196419359100e+000	4.938807e+000	5.000000e+000
5.489710705073384e+000	4.942634e+000	5.000000e+000
5.490224990787669e+000	4.946417e+000	5.000000e+000
5.490739276501953e+000	4.950156e+000	5.000000e+000
5.491324990787667e+000	4.954342e+000	5.000000e+000
5.491910705073379e+000	4.958418e+000	5.000000e+000
5.492496419359092e+000	4.962386e+000	5.000000e+000
5.493082133644805e+000	4.966245e+000	5.000000e+000
5.493667847930518e+000	4.969995e+000	5.000000e+000
5.494253562216231e+000	4.973636e+000	5.000000e+000
5.494839276501944e+000	4.977168e+000	5.000000e+000
5.495576551287380e+000	4.981402e+000	5.000000e+000
5.496313826072817e+000	4.985434e+000	5.000000e+000
5.497051100858253e+000	4.989265e+000	5.000000e+000
5.497788375643690e+000	4.992895e+000	5.000000e+000
5.498525650429126e+000	4.996324e+000	5.000000e+000
5.499262925214564e+000	4.999551e+000	5.000000e+000
5.500000200000000e+000	5.002577e+000	5.000000e+000
5.500000300000000e+000	5.002709e+000	1.373401e-008
5.500000725958490e+000	5.002770e+000	4.650148e-009
5.500001151916979e+000	5.002805e+000	-2.059760e-009
5.500001577875469e+000	5.002813e+000	-6.395715e-009
5.500002003833957e+000	5.002796e+000	-8.357717e-009
5.500002429792447e+000	5.002752e+000	-7.945765e-009
5.500002855750936e+000	5.002682e+000	-5.159859e-009
5.500003281709426e+000	5.002585e+000	0.000000e+000
5.500664252871488e+000	4.998013e+000	0.000000e+000
5.501325224033550e+000	4.993038e+000	0.000000e+000
5.501986195195612e+000	4.987659e+000	0.000000e+000
5.502647166357675e+000	4.981877e+000	0.000000e+000
5.503308137519737e+000	4.975691e+000	0.000000e+000
5.503969108681799e+000	4.969102e+000	0.000000e+000
5.504630079843861e+000	4.962110e+000	0.000000e+000
5.504944365558146e+000	4.958664e+000	0.000000e+000
5.505258651272431e+000	4.955163e+000	0.000000e+000
5.505572936986716e+000	4.951607e+000	0.000000e+000
5.505887222701001e+000	4.947995e+000	0.000000e+000
5.506201508415286e+000	4.944328e+000	0.000000e+000
5.506515794129571e+000	4.940606e+000	0.000000e+000
5.506830079843856e+000	4.936828e+000	0.000000e+000
5.507172936986712e+000	4.932667e+000	0.000000e+000
5.507515794129569e+000	4.928479e+000	0.000000e+000
5.507858651272425e+000	4.924263e+000	0.000000e+000
5.508201508415281e+000	4.920020e+000	0.000000e+000
5.508544365558137e+000	4.915749e+000	0.000000e+000
5.508887222700994e+000	4.911450e+000	0.000000e+000
5.509230079843850e+000	4.907124e+000	0.000000e+000
5.509715794129564e+000	4.900973e+000	0.000000e+000
5.510201508415277e+000	4.894810e+000	0.000000e+000
5.510687222700990e+000	4.888633e+000	0.000000e+000
5.511172936986703e+000	4.882444e+000	0.000000e+000
5.511658651272416e+000	4.876241e+000	0.000000e+000
5.512144365558129e+000	4.870026e+000	0.000000e+000
5.512630079843842e+000	4.863798e+000	0.000000e+000
5.513672936986697e+000	4.850423e+000	0.000000e+000
5.514715794129552e+000	4.837056e+000	0.000000e+000
5.515758651272407e+000	4.823696e+000	0.000000e+000
5.516801508415261e+000	4.810342e+000	0.000000e+000
5.517844365558116e+000	4.796996e+000	0.000000e+000
5.518887222700971e+000	4.783657e+000	0.000000e+000
5.519930079843825e+000	4.770325e+000	0.000000e+000
5.539230079843780e+000	4.526120e+000	0.000000e+000
5.553844365558032e+000	4.344341e+000	0.000000e+000
5.568458651272284e+000	4.165060e+000	0.000000e+000
5.583072936986535e+000	3.988275e+000	0.000000e+000
5.597687222700787e+000	3.813987e+000	0.000000e+000
5.612301508415039e+000	3.642195e+000	0.000000e+000
5.626915794129291e+000	3.472900e+000	0.000000e+000
5.641530079843542e+000	3.306103e+000	0.000000e+000
5.641630079843542e+000	3.304969e+000	0.000000e+000
5.656244365557793e+000	3.140554e+000	0.000000e+000
5.670858651272045e+000	2.978397e+000	0.000000e+000
5.685472936986296e+000	2.818498e+000	0.000000e+000
5.700087222700549e+000	2.660858e+000	0.000000e+000
5.714701508414800e+000	2.505476e+000	0.000000e+000
5.729315794129052e+000	2.352352e+000	0.000000e+000
5.743930079843303e+000	2.201486e+000	0.000000e+000
5.744030079843303e+000	2.200461e+000	0.000000e+000
5.758644365557554e+000	2.051751e+000	0.000000e+000
5.773258651271807e+000	1.905083e+000	0.000000e+000
5.787872936986058e+000	1.760458e+000	0.000000e+000
5.802487222700310e+000	1.617875e+000	0.000000e+000
5.817101508414561e+000	1.477335e+000	0.000000e+000
5.831715794128813e+000	1.338837e+000	0.000000e+000
5.846330079843065e+000	1.202382e+000	0.000000e+000
5.846430079843064e+000	1.201455e+000	0.000000e+000
5.861044365557316e+000	1.066949e+000	0.000000e+000
5.875658651271568e+000	9.342908e-001	0.000000e+000
5.890272936985819e+000	8.034800e-001	0.000000e+000
5.904887222700071e+000	6.745167e-001	0.000000e+000
5.919501508414323e+000	5.474009e-001	0.000000e+000
5.934115794128575e+000	4.221325e-001	0.000000e+000
5.948730079842826e+000	2.987115e-001	0.000000e+000
5.948830079842826e+000	2.978727e-001	0.000000e+000
5.956140082722422e+000	2.367795e-001	0.000000e+000
5.963450085602019e+000	1.761150e-001	0.000000e+000
5.970760088481615e+000	1.158791e-001	0.000000e+000
5.978070091361211e+000	5.607173e-002	0.000000e+000
5.985380094240807e+000	-3.306981e-003	0.000000e+000
5.992690097120404e+000	-6.225709e-002	0.000000e+000
6.000000100000000e+000	-1.207786e-001	0.000000e+000
6.000000108952240e+000	-1.207833e-001	4.476120e-001
6.000000117849636e+000	-1.208325e-001	8.924818e-001
6.000000127439719e+000	-1.209521e-001	1.371986e+000
6.000000137909748e+000	-1.211798e-001	1.895487e+000
6.000000149090610e+000	-1.215407e-001	2.454530e+000
6.000000164248508e+000	-1.221837e-001	3.212425e+000
6.000000181822736e+000	-1.230599e-001	4.091137e+000
6.000000200000000e+000	-1.240333e-001	5.000000e+000
6.000000212724085e+000	-1.246803e-001	5.000000e+000
6.000000223093992e+000	-1.250920e-001	5.000000e+000
6.000000234856420e+000	-1.254016e-001	5.000000e+000
6.000000246875223e+000	-1.255211e-001	5.000000e+000
6.000000260236662e+000	-1.254284e-001	5.000000e+000
6.000000275518263e+000	-1.250963e-001	5.000000e+000
6.000000291938104e+000	-1.245579e-001	5.000000e+000
6.000000314851338e+000	-1.236815e-001	5.000000e+000
6.000000334585325e+000	-1.229383e-001	5.000000e+000
6.000000377024747e+000	-1.217223e-001	5.000000e+000
6.000000399933464e+000	-1.213272e-001	5.000000e+000
6.000000428172966e+000	-1.210435e-001	5.000000e+000
6.000000463615989e+000	-1.208736e-001	5.000000e+000
6.000000599184934e+000	-1.207826e-001	5.000000e+000
6.006106124196610e+000	-4.113167e-002	5.000000e+000
6.012211649208288e+000	3.805025e-002	5.000000e+000
6.018317174219964e+000	1.167632e-001	5.000000e+000
6.024422699231642e+000	1.950071e-001	5.000000e+000
6.030528224243319e+000	2.727820e-001	5.000000e+000
6.036633749254996e+000	3.500880e-001	5.000000e+000
6.042739274266673e+000	4.269249e-001	5.000000e+000
6.042839274266672e+000	4.281797e-001	5.000000e+000
6.057453559980924e+000	6.101517e-001	5.000000e+000
6.072067845695176e+000	7.896243e-001	5.000000e+000
6.086682131409427e+000	9.665975e-001	5.000000e+000
6.101296417123679e+000	1.141071e+000	5.000000e+000
6.115910702837931e+000	1.313046e+000	5.000000e+000
6.130524988552183e+000	1.482520e+000	5.000000e+000
6.145139274266434e+000	1.649496e+000	5.000000e+000
6.145239274266434e+000	1.650631e+000	5.000000e+000
6.159853559980685e+000	1.815221e+000	5.000000e+000
6.174467845694937e+000	1.977550e+000	5.000000e+000
6.189082131409188e+000	2.137619e+000	5.000000e+000
6.203696417123441e+000	2.295427e+000	5.000000e+000
6.218310702837692e+000	2.450975e+000	5.000000e+000
6.232924988551944e+000	2.604262e+000	5.000000e+000
6.247539274266195e+000	2.755288e+000	5.000000e+000
6.247639274266195e+000	2.756315e+000	5.000000e+000
6.262253559980446e+000	2.905183e+000	5.000000e+000
6.276867845694699e+000	3.052007e+000	5.000000e+000
6.291482131408950e+000	3.196786e+000	5.000000e+000
6.306096417123202e+000	3.339521e+000	5.000000e+000
6.320710702837453e+000	3.480211e+000	5.000000e+000
6.335324988551705e+000	3.618856e+000	5.000000e+000
6.349939274265957e+000	3.755456e+000	5.000000e+000
6.350039274265956e+000	3.756384e+000	5.000000e+000
6.364653559980208e+000	3.891033e+000	5.000000e+000
6.379267845694460e+000	4.023833e+000	5.000000e+000
6.393882131408711e+000	4.154782e+000	5.000000e+000
6.408496417122963e+000	4.283883e+000	5.000000e+000
6.423110702837215e+000	4.411134e+000	5.000000e+000
6.437724988551467e+000	4.536536e+000	5.000000e+000
6.452339274265718e+000	4.660089e+000	5.000000e+000
6.452439274265718e+000	4.660928e+000	5.000000e+000
6.455510702837139e+000	4.686686e+000	5.000000e+000
6.458582131408560e+000	4.712363e+000	5.000000e+000
6.461653559979982e+000	4.737959e+000	5.000000e+000
6.464724988551404e+000	4.763475e+000	5.000000e+000
6.467796417122825e+000	4.788911e+000	5.000000e+000
6.470867845694246e+000	4.814266e+000	5.000000e+000
6.473939274265668e+000	4.839540e+000	5.000000e+000
6.474882131408522e+000	4.847281e+000	5.000000e+000
6.475824988551378e+000	4.855003e+000	5.000000e+000
6.476767845694233e+000	4.862705e+000	5.000000e+000
6.477710702837087e+000	4.870387e+000	5.000000e+000
6.478653559979942e+000	4.878050e+000	5.000000e+000
6.479596417122798e+000	4.885694e+000	5.000000e+000
6.480539274265652e+000	4.893318e+000	5.000000e+000
6.481153559979936e+000	4.898269e+000	5.000000e+000
6.481767845694221e+000	4.903192e+000	5.000000e+000
6.482382131408505e+000	4.908086e+000	5.000000e+000
6.482996417122790e+000	4.912951e+000	5.000000e+000
6.483610702837074e+000	4.917788e+000	5.000000e+000
6.484224988551358e+000	4.922597e+000	5.000000e+000
6.484839274265642e+000	4.927378e+000	5.000000e+000
6.485353559979926e+000	4.931347e+000	5.000000e+000
6.485867845694211e+000	4.935267e+000	5.000000e+000
6.486382131408496e+000	4.939137e+000	5.000000e+000
6.486896417122781e+000	4.942957e+000	5.000000e+000
6.487410702837065e+000	4.946728e+000	5.000000e+000
6.487924988551350e+000	4.950449e+000	5.000000e+000
6.488439274265634e+000	4.954121e+000	5.000000e+000
6.489082131408489e+000	4.958616e+000	5.000000e+000
6.489724988551346e+000	4.962971e+000	5.000000e+000
6.490367845694201e+000	4.967185e+000	5.000000e+000
6.491010702837056e+000	4.971258e+000	5.000000e+000
6.491653559979912e+000	4.975191e+000	5.000000e+000
6.492296417122768e+000	4.978983e+000	5.000000e+000
6.492939274265623e+000	4.982635e+000	5.000000e+000
6.493867845694193e+000	4.987566e+000	5.000000e+000
6.494796417122762e+000	4.992203e+000	5.000000e+000
6.495724988551332e+000	4.996545e+000	5.000000e+000
6.496653559979900e+000	5.000592e+000	5.000000e+000
6.497582131408469e+000	5.004345e+000	5.000000e+000
6.498510702837039e+000	5.007803e+000	5.000000e+000
6.499439274265608e+000	5.010966e+000	5.000000e+000
6.500000200000000e+000	5.012794e+000	5.000000e+000
6.500000300000000e+000	5.012885e+000	1.373401e-008
6.500001358492954e+000	5.012888e+000	4.195698e-009
6.500002416985907e+000	5.012885e+000	-2.817177e-009
6.500003475478860e+000	5.012874e+000	-7.304615e-009
6.500004533971813e+000	5.012857e+000	-9.266616e-009
6.500005592464767e+000	5.012833e+000	-8.703181e-009
6.500006650957720e+000	5.012802e+000	-5.614309e-009
6.500007709450673e+000	5.012764e+000	0.000000e+000
6.500622899171465e+000	5.009389e+000	0.000000e+000
6.501238088892257e+000	5.005688e+000	0.000000e+000
6.501853278613049e+000	5.001662e+000	0.000000e+000
6.502468468333841e+000	4.997310e+000	0.000000e+000
6.503083658054632e+000	4.992633e+000	0.000000e+000
6.503698847775424e+000	4.987630e+000	0.000000e+000
6.504314037496216e+000	4.982301e+000	0.000000e+000
6.504699751781930e+000	4.978731e+000	0.000000e+000
6.505085466067643e+000	4.975037e+000	0.000000e+000
6.505471180353356e+000	4.971218e+000	0.000000e+000
6.505856894639069e+000	4.967274e+000	0.000000e+000
6.506242608924783e+000	4.963206e+000	0.000000e+000
6.506628323210496e+000	4.959013e+000	0.000000e+000
6.507014037496210e+000	4.954695e+000	0.000000e+000
6.507328323210494e+000	4.951109e+000	0.000000e+000
6.507642608924780e+000	4.947480e+000	0.000000e+000
6.507956894639064e+000	4.943806e+000	0.000000e+000
6.508271180353350e+000	4.940087e+000	0.000000e+000
6.508585466067634e+000	4.936325e+000	0.000000e+000
6.508899751781920e+000	4.932518e+000	0.000000e+000
6.509214037496204e+000	4.928666e+000	0.000000e+000
6.509585466067632e+000	4.924081e+000	0.000000e+000
6.509956894639060e+000	4.919472e+000	0.000000e+000
6.510328323210487e+000	4.914842e+000	0.000000e+000
6.510699751781916e+000	4.910188e+000	0.000000e+000
6.511071180353343e+000	4.905511e+000	0.000000e+000
6.511442608924771e+000	4.900812e+000	0.000000e+000
6.511814037496198e+000	4.896091e+000	0.000000e+000
6.512385466067626e+000	4.888809e+000	0.000000e+000
6.512956894639053e+000	4.881519e+000	0.000000e+000
6.513528323210480e+000	4.874221e+000	0.000000e+000
6.514099751781908e+000	4.866914e+000	0.000000e+000
6.514671180353335e+000	4.859598e+000	0.000000e+000
6.515242608924762e+000	4.852273e+000	0.000000e+000
6.515814037496189e+000	4.844940e+000	0.000000e+000
6.517485466067614e+000	4.823505e+000	0.000000e+000
6.519156894639038e+000	4.802102e+000	0.000000e+000
6.520828323210463e+000	4.780729e+000	0.000000e+000
6.522499751781888e+000	4.759387e+000	0.000000e+000
6.524171180353313e+000	4.738076e+000	0.000000e+000
6.525842608924737e+000	4.716796e+000	0.000000e+000
6.527514037496162e+000	4.695546e+000	0.000000e+000
6.548414037496113e+000	4.432817e+000	0.000000e+000
6.563028323210364e+000	4.252365e+000	0.000000e+000
6.577642608924617e+000	4.074392e+000	0.000000e+000
6.592256894638868e+000	3.898897e+000	0.000000e+000
6.606871180353120e+000	3.725881e+000	0.000000e+000
6.621485466067371e+000	3.555343e+000	0.000000e+000
6.636099751781623e+000	3.387284e+000	0.000000e+000
6.650714037495875e+000	3.221703e+000	0.000000e+000
6.650814037495874e+000	3.220578e+000	0.000000e+000
6.665428323210126e+000	3.057362e+000	0.000000e+000
6.680042608924378e+000	2.896389e+000	0.000000e+000
6.694656894638629e+000	2.737657e+000	0.000000e+000
6.709271180352881e+000	2.581168e+000	0.000000e+000
6.723885466067133e+000	2.426919e+000	0.000000e+000
6.738499751781385e+000	2.274913e+000	0.000000e+000
6.753114037495636e+000	2.125149e+000	0.000000e+000
6.753214037495636e+000	2.124131e+000	0.000000e+000
6.767828323209887e+000	1.976506e+000	0.000000e+000
6.782442608924139e+000	1.830908e+000	0.000000e+000
6.797056894638391e+000	1.687339e+000	0.000000e+000
6.811671180352643e+000	1.545797e+000	0.000000e+000
6.826285466066894e+000	1.406282e+000	0.000000e+000
6.840899751781146e+000	1.268795e+000	0.000000e+000
6.855514037495397e+000	1.133336e+000	0.000000e+000
6.855614037495397e+000	1.132416e+000	0.000000e+000
6.870228323209648e+000	9.988915e-001	0.000000e+000
6.884842608923901e+000	8.672015e-001	0.000000e+000
6.899456894638152e+000	7.373454e-001	0.000000e+000
6.914071180352404e+000	6.093233e-001	0.000000e+000
6.928685466066655e+000	4.831352e-001	0.000000e+000
6.943299751780907e+000	3.587810e-001	0.000000e+000
6.957914037495159e+000	2.362608e-001	0.000000e+000
6.958014037495159e+000	2.354280e-001	0.000000e+000
6.964012046424422e+000	1.856317e-001	0.000000e+000
6.970010055353685e+000	1.361231e-001	0.000000e+000
6.976008064282948e+000	8.690220e-002	0.000000e+000
6.982006073212211e+000	3.796907e-002	0.000000e+000
6.988004082141474e+000	-1.067632e-002	0.000000e+000
6.994002091070737e+000	-5.903397e-002	0.000000e+000
7.000000100000000e+000	-1.071039e-001	0.000000e+000
7.000000108952240e+000	-1.071086e-001	4.476120e-001
7.000000117849631e+000	-1.071578e-001	8.924816e-001
7.000000127439692e+000	-1.072774e-001	1.371985e+000
7.000000137909725e+000	-1.075051e-001	1.895486e+000
7.000000149090708e+000	-1.078660e-001	2.454535e+000
7.000000164248663e+000	-1.085090e-001	3.212433e+000
7.000000181822897e+000	-1.093852e-001	4.091145e+000
7.000000200000000e+000	-1.103586e-001	5.000000e+000
7.000000212723973e+000	-1.110056e-001	5.000000e+000
7.000000223093965e+000	-1.114173e-001	5.000000e+000
7.000000234856321e+000	-1.117269e-001	5.000000e+000
7.000000246875182e+000	-1.118464e-001	5.000000e+000
7.000000260236548e+000	-1.117537e-001	5.000000e+000
7.000000275518197e+000	-1.114216e-001	5.000000e+000
7.000000291938142e+000	-1.108832e-001	5.000000e+000
7.000000314851302e+000	-1.100067e-001	5.000000e+000
7.000000334585211e+000	-1.092636e-001	5.000000e+000
7.000000377024612e+000	-1.080476e-001	5.000000e+000
7.000000399933314e+000	-1.076525e-001	5.000000e+000
7.000000428172789e+000	-1.073688e-001	5.000000e+000
7.000000463615749e+000	-1.071989e-001	5.000000e+000
7.000000599184880e+000	-1.071079e-001	5.000000e+000
7.006120409860634e+000	-2.735300e-002	5.000000e+000
7.012240220536388e+000	5.193120e-002	5.000000e+000
7.018360031212141e+000	1.307447e-001	5.000000e+000
7.024479841887894e+000	2.090876e-001	5.000000e+000
7.030599652563647e+000	2.869597e-001	5.000000e+000
7.036719463239401e+000	3.643612e-001	5.000000e+000
7.042839273915154e+000	4.412920e-001	5.000000e+000
7.052039273915133e+000	5.560902e-001	5.000000e+000
7.066653559629384e+000	7.362434e-001	5.000000e+000
7.081267845343636e+000	9.139222e-001	5.000000e+000
7.095882131057888e+000	1.089127e+000	5.000000e+000
7.110496416772140e+000	1.261856e+000	5.000000e+000
7.125110702486391e+000	1.432112e+000	5.000000e+000
7.139724988200643e+000	1.599893e+000	5.000000e+000
7.154339273914895e+000	1.765200e+000	5.000000e+000
7.154439273914894e+000	1.766323e+000	5.000000e+000
7.169053559629146e+000	1.929269e+000	5.000000e+000
7.183667845343398e+000	2.089976e+000	5.000000e+000
7.198282131057649e+000	2.248445e+000	5.000000e+000
7.212896416771901e+000	2.404676e+000	5.000000e+000
7.227510702486153e+000	2.558668e+000	5.000000e+000
7.242124988200405e+000	2.710423e+000	5.000000e+000
7.256739273914656e+000	2.859940e+000	5.000000e+000
7.256839273914656e+000	2.860956e+000	5.000000e+000
7.271453559628907e+000	3.008337e+000	5.000000e+000
7.286067845343159e+000	3.153693e+000	5.000000e+000
7.300682131057410e+000	3.297026e+000	5.000000e+000
7.315296416771663e+000	3.438333e+000	5.000000e+000
7.329910702485914e+000	3.577617e+000	5.000000e+000
7.344524988200166e+000	3.714876e+000	5.000000e+000
7.359139273914417e+000	3.850111e+000	5.000000e+000
7.359239273914417e+000	3.851031e+000	5.000000e+000
7.373853559628668e+000	3.984334e+000	5.000000e+000
7.388467845342920e+000	4.115806e+000	5.000000e+000
7.403082131057172e+000	4.245447e+000	5.000000e+000
7.417696416771424e+000	4.373257e+000	5.000000e+000
7.432310702485675e+000	4.499237e+000	5.000000e+000
7.446924988199927e+000	4.623385e+000	5.000000e+000
7.461539273914179e+000	4.745702e+000	5.000000e+000
7.461639273914178e+000	4.746533e+000	5.000000e+000
7.463539273914174e+000	4.762319e+000	5.000000e+000
7.465439273914170e+000	4.778069e+000	5.000000e+000
7.467339273914165e+000	4.793786e+000	5.000000e+000
7.469239273914161e+000	4.809467e+000	5.000000e+000
7.471139273914156e+000	4.825113e+000	5.000000e+000
7.473039273914152e+000	4.840725e+000	5.000000e+000
7.474939273914147e+000	4.856302e+000	5.000000e+000
7.475753559628431e+000	4.862964e+000	5.000000e+000
7.476567845342715e+000	4.869606e+000	5.000000e+000
7.477382131056999e+000	4.876229e+000	5.000000e+000
7.478196416771283e+000	4.882831e+000	5.000000e+000
7.479010702485566e+000	4.889413e+000	5.000000e+000
7.479824988199851e+000	4.895975e+000	5.000000e+000
7.480639273914134e+000	4.902517e+000	5.000000e+000
7.481210702485561e+000	4.907089e+000	5.000000e+000
7.481782131056988e+000	4.911630e+000	5.000000e+000
7.482353559628415e+000	4.916139e+000	5.000000e+000
7.482924988199843e+000	4.920617e+000	5.000000e+000
7.483496416771271e+000	4.925064e+000	5.000000e+000
7.484067845342698e+000	4.929479e+000	5.000000e+000
7.484639273914125e+000	4.933864e+000	5.000000e+000
7.485153559628409e+000	4.937770e+000	5.000000e+000
7.485667845342694e+000	4.941619e+000	5.000000e+000
7.486182131056978e+000	4.945408e+000	5.000000e+000
7.486696416771263e+000	4.949140e+000	5.000000e+000
7.487210702485547e+000	4.952812e+000	5.000000e+000
7.487724988199832e+000	4.956426e+000	5.000000e+000
7.488239273914116e+000	4.959982e+000	5.000000e+000
7.489553559628399e+000	4.968677e+000	5.000000e+000
7.490867845342682e+000	4.976744e+000	5.000000e+000
7.492182131056964e+000	4.984183e+000	5.000000e+000
7.493496416771247e+000	4.990995e+000	5.000000e+000
7.494810702485530e+000	4.997179e+000	5.000000e+000
7.496124988199813e+000	5.002736e+000	5.000000e+000
7.497439273914095e+000	5.007665e+000	5.000000e+000
7.497805120497795e+000	5.008957e+000	5.000000e+000
7.498170967081497e+000	5.010215e+000	5.000000e+000
7.498536813665197e+000	5.011439e+000	5.000000e+000
7.498902660248898e+000	5.012629e+000	5.000000e+000
7.499268506832598e+000	5.013785e+000	5.000000e+000
7.499634353416299e+000	5.014908e+000	5.000000e+000
7.500000200000000e+000	5.015996e+000	5.000000e+000
7.500000300000000e+000	5.016077e+000	1.373401e-008
7.500002555628946e+000	5.016049e+000	4.165159e-009
7.500004811257892e+000	5.016023e+000	-2.868075e-009
7.500007066886838e+000	5.016000e+000	-7.365692e-009
7.500009322515783e+000	5.015978e+000	-9.327694e-009
7.500011578144729e+000	5.015959e+000	-8.754079e-009
7.500013833773675e+000	5.015942e+000	-5.644847e-009
7.500016089402621e+000	5.015926e+000	0.000000e+000
7.500617270448974e+000	5.012874e+000	0.000000e+000
7.501218451495326e+000	5.009531e+000	0.000000e+000
7.501819632541679e+000	5.005899e+000	0.000000e+000
7.502420813588032e+000	5.001976e+000	0.000000e+000
7.503021994634385e+000	4.997763e+000	0.000000e+000
7.503623175680738e+000	4.993260e+000	0.000000e+000
7.504224356727090e+000	4.988467e+000	0.000000e+000
7.504652928155661e+000	4.984787e+000	0.000000e+000
7.505081499584231e+000	4.980943e+000	0.000000e+000
7.505510071012802e+000	4.976935e+000	0.000000e+000
7.505938642441372e+000	4.972762e+000	0.000000e+000
7.506367213869942e+000	4.968425e+000	0.000000e+000
7.506795785298513e+000	4.963924e+000	0.000000e+000
7.507224356727083e+000	4.959258e+000	0.000000e+000
7.507538642441368e+000	4.955755e+000	0.000000e+000
7.507852928155653e+000	4.952201e+000	0.000000e+000
7.508167213869938e+000	4.948596e+000	0.000000e+000
7.508481499584224e+000	4.944940e+000	0.000000e+000
7.508795785298508e+000	4.941233e+000	0.000000e+000
7.509110071012794e+000	4.937475e+000	0.000000e+000
7.509424356727078e+000	4.933666e+000	0.000000e+000
7.509781499584221e+000	4.929300e+000	0.000000e+000
7.510138642441362e+000	4.924908e+000	0.000000e+000
7.510495785298504e+000	4.920489e+000	0.000000e+000
7.510852928155646e+000	4.916045e+000	0.000000e+000
7.511210071012789e+000	4.911574e+000	0.000000e+000
7.511567213869930e+000	4.907078e+000	0.000000e+000
7.511924356727072e+000	4.902555e+000	0.000000e+000
7.512438642441357e+000	4.896023e+000	0.000000e+000
7.512952928155642e+000	4.889481e+000	0.000000e+000
7.513467213869926e+000	4.882927e+000	0.000000e+000
7.513981499584211e+000	4.876363e+000	0.000000e+000
7.514495785298495e+000	4.869787e+000	0.000000e+000
7.515010071012780e+000	4.863200e+000	0.000000e+000
7.515524356727064e+000	4.856602e+000	0.000000e+000
7.516752928155633e+000	4.840843e+000	0.000000e+000
7.517981499584201e+000	4.825098e+000	0.000000e+000
7.519210071012770e+000	4.809365e+000	0.000000e+000
7.520438642441338e+000	4.793646e+000	0.000000e+000
7.521667213869907e+000	4.777941e+000	0.000000e+000
7.522895785298475e+000	4.762249e+000	0.000000e+000
7.524124356727044e+000	4.746570e+000	0.000000e+000
7.557624356726966e+000	4.326382e+000	0.000000e+000
7.572238642441217e+000	4.147444e+000	0.000000e+000
7.586852928155469e+000	3.970963e+000	0.000000e+000
7.601467213869721e+000	3.796940e+000	0.000000e+000
7.616081499583973e+000	3.625375e+000	0.000000e+000
7.630695785298224e+000	3.456267e+000	0.000000e+000
7.645310071012476e+000	3.289618e+000	0.000000e+000
7.659924356726727e+000	3.125426e+000	0.000000e+000
7.660024356726727e+000	3.124310e+000	0.000000e+000
7.674638642440979e+000	2.962463e+000	0.000000e+000
7.689252928155231e+000	2.802840e+000	0.000000e+000
7.703867213869482e+000	2.645440e+000	0.000000e+000
7.718481499583734e+000	2.490262e+000	0.000000e+000
7.733095785297985e+000	2.337308e+000	0.000000e+000
7.747710071012238e+000	2.186576e+000	0.000000e+000
7.762324356726489e+000	2.038068e+000	0.000000e+000
7.762424356726489e+000	2.037058e+000	0.000000e+000
7.777038642440740e+000	1.890671e+000	0.000000e+000
7.791652928154992e+000	1.746295e+000	0.000000e+000
7.806267213869243e+000	1.603929e+000	0.000000e+000
7.820881499583495e+000	1.463574e+000	0.000000e+000
7.835495785297747e+000	1.325230e+000	0.000000e+000
7.850110071011999e+000	1.188896e+000	0.000000e+000
7.864724356726250e+000	1.054573e+000	0.000000e+000
7.864824356726250e+000	1.053660e+000	0.000000e+000
7.879438642440501e+000	9.212559e-001	0.000000e+000
7.894052928154753e+000	7.906703e-001	0.000000e+000
7.908667213869005e+000	6.619032e-001	0.000000e+000
7.923281499583257e+000	5.349548e-001	0.000000e+000
7.937895785297508e+000	4.098250e-001	0.000000e+000
7.952510071011760e+000	2.865137e-001	0.000000e+000
7.967124356726012e+000	1.650211e-001	0.000000e+000
7.967224356726011e+000	1.641953e-001	0.000000e+000
7.971906605765152e+000	1.256224e-001	0.000000e+000
7.976588854804294e+000	8.722425e-002	0.000000e+000
7.981271103843435e+000	4.900073e-002	0.000000e+000
7.985953352882576e+000	1.095187e-002	0.000000e+000
7.990635601921717e+000	-2.692233e-002	0.000000e+000
7.995317850960858e+000	-6.462187e-002	0.000000e+000
8.000000099999999e+000	-1.021468e-001	0.000000e+000
8.000000108952239e+000	-1.021515e-001	4.476120e-001
8.000000117849609e+000	-1.022007e-001	8.924805e-001
8.000000127439687e+000	-1.023203e-001	1.371984e+000
8.000000137909691e+000	-1.025480e-001	1.895485e+000
8.000000149090733e+000	-1.029089e-001	2.454537e+000
8.000000164248691e+000	-1.035519e-001	3.212435e+000
8.000000181822943e+000	-1.044281e-001	4.091147e+000
8.000000200000001e+000	-1.054015e-001	5.000000e+000
8.000000212723940e+000	-1.060484e-001	5.000000e+000
8.000000223093936e+000	-1.064602e-001	5.000000e+000
8.000000234856271e+000	-1.067698e-001	5.000000e+000
8.000000246875144e+000	-1.068893e-001	5.000000e+000
8.000000260236492e+000	-1.067966e-001	5.000000e+000
8.000000275518145e+000	-1.064644e-001	5.000000e+000
8.000000291938134e+000	-1.059261e-001	5.000000e+000
8.000000314851242e+000	-1.050496e-001	5.000000e+000
8.000000334585103e+000	-1.043065e-001	5.000000e+000
8.000000377024488e+000	-1.030905e-001	5.000000e+000
8.000000399933176e+000	-1.026954e-001	5.000000e+000
8.000000428172625e+000	-1.024117e-001	5.000000e+000
8.000000463615473e+000	-1.022417e-001	5.000000e+000
8.000000599184652e+000	-1.021508e-001	5.000000e+000
8.006063266947637e+000	-2.316759e-002	5.000000e+000
8.012125934710621e+000	5.535372e-002	5.000000e+000
8.018188602473606e+000	1.334132e-001	5.000000e+000
8.024251270236592e+000	2.110108e-001	5.000000e+000
8.030313937999576e+000	2.881465e-001	5.000000e+000
8.036376605762561e+000	3.648204e-001	5.000000e+000
8.042439273525545e+000	4.410324e-001	5.000000e+000
8.061239273525501e+000	6.745258e-001	5.000000e+000
8.075853559239754e+000	8.529950e-001	5.000000e+000
8.090467844954004e+000	1.029013e+000	5.000000e+000
8.105082130668256e+000	1.202579e+000	5.000000e+000
8.119696416382508e+000	1.373695e+000	5.000000e+000
8.134310702096760e+000	1.542359e+000	5.000000e+000
8.148924987811011e+000	1.708572e+000	5.000000e+000
8.163539273525263e+000	1.872333e+000	5.000000e+000
8.163639273525263e+000	1.873446e+000	5.000000e+000
8.178253559239515e+000	2.034868e+000	5.000000e+000
8.192867844953765e+000	2.194073e+000	5.000000e+000
8.207482130668018e+000	2.351061e+000	5.000000e+000
8.222096416382270e+000	2.505831e+000	5.000000e+000
8.236710702096522e+000	2.658385e+000	5.000000e+000
8.251324987810772e+000	2.808721e+000	5.000000e+000
8.265939273525024e+000	2.956840e+000	5.000000e+000
8.266039273525024e+000	2.957847e+000	5.000000e+000
8.280653559239276e+000	3.103850e+000	5.000000e+000
8.295267844953527e+000	3.247848e+000	5.000000e+000
8.309882130667779e+000	3.389840e+000	5.000000e+000
8.324496416382031e+000	3.529827e+000	5.000000e+000
8.339110702096283e+000	3.667809e+000	5.000000e+000
8.353724987810534e+000	3.803785e+000	5.000000e+000
8.368339273524786e+000	3.937756e+000	5.000000e+000
8.368439273524785e+000	3.938666e+000	5.000000e+000
8.382839273524752e+000	4.068805e+000	5.000000e+000
8.397239273524718e+000	4.197180e+000	5.000000e+000
8.411639273524685e+000	4.323791e+000	5.000000e+000
8.426039273524651e+000	4.448638e+000	5.000000e+000
8.440439273524618e+000	4.571721e+000	5.000000e+000
8.454839273524584e+000	4.693040e+000	5.000000e+000
8.469239273524551e+000	4.812596e+000	5.000000e+000
8.470839273524547e+000	4.825773e+000	5.000000e+000
8.471896416381687e+000	4.834472e+000	5.000000e+000
8.472953559238828e+000	4.843152e+000	5.000000e+000
8.474010702095969e+000	4.851811e+000	5.000000e+000
8.475067844953108e+000	4.860451e+000	5.000000e+000
8.476124987810248e+000	4.869071e+000	5.000000e+000
8.477182130667389e+000	4.877671e+000	5.000000e+000
8.478239273524530e+000	4.886252e+000	5.000000e+000
8.478882130667385e+000	4.891455e+000	5.000000e+000
8.479524987810240e+000	4.896632e+000	5.000000e+000
8.480167844953096e+000	4.901784e+000	5.000000e+000
8.480810702095953e+000	4.906910e+000	5.000000e+000
8.481453559238808e+000	4.912011e+000	5.000000e+000
8.482096416381664e+000	4.917085e+000	5.000000e+000
8.482739273524519e+000	4.922134e+000	5.000000e+000
8.483253559238804e+000	4.926145e+000	5.000000e+000
8.483767844953087e+000	4.930113e+000	5.000000e+000
8.484282130667372e+000	4.934038e+000	5.000000e+000
8.484796416381657e+000	4.937919e+000	5.000000e+000
8.485310702095942e+000	4.941757e+000	5.000000e+000
8.485824987810226e+000	4.945553e+000	5.000000e+000
8.486339273524511e+000	4.949305e+000	5.000000e+000
8.486924987810223e+000	4.953508e+000	5.000000e+000
8.487510702095937e+000	4.957603e+000	5.000000e+000
8.488096416381650e+000	4.961591e+000	5.000000e+000
8.488682130667362e+000	4.965472e+000	5.000000e+000
8.489267844953075e+000	4.969245e+000	5.000000e+000
8.489853559238789e+000	4.972910e+000	5.000000e+000
8.490439273524501e+000	4.976469e+000	5.000000e+000
8.491410702095928e+000	4.982029e+000	5.000000e+000
8.492382130667354e+000	4.987253e+000	5.000000e+000
8.493353559238781e+000	4.992138e+000	5.000000e+000
8.494324987810206e+000	4.996686e+000	5.000000e+000
8.495296416381633e+000	5.000896e+000	5.000000e+000
8.496267844953058e+000	5.004769e+000	5.000000e+000
8.497239273524485e+000	5.008304e+000	5.000000e+000
8.497633691592416e+000	5.009675e+000	5.000000e+000
8.498028109660346e+000	5.011008e+000	5.000000e+000
8.498422527728277e+000	5.012302e+000	5.000000e+000
8.498816945796209e+000	5.013558e+000	5.000000e+000
8.499211363864140e+000	5.014776e+000	5.000000e+000
8.499605781932070e+000	5.015955e+000	5.000000e+000
8.500000200000001e+000	5.017097e+000	5.000000e+000
8.500000300000000e+000	5.017173e+000	0.000000e+000
8.500002623088635e+000	5.017146e+000	0.000000e+000
8.500004946177269e+000	5.017121e+000	0.000000e+000
8.500007269265904e+000	5.017098e+000	0.000000e+000
8.500009592354537e+000	5.017077e+000	0.000000e+000
8.500011915443173e+000	5.017058e+000	0.000000e+000
8.500014238531806e+000	5.017041e+000	0.000000e+000
8.500016561620441e+000	5.017026e+000	0.000000e+000
8.500618214349826e+000	5.014054e+000	0.000000e+000
8.501219867079213e+000	5.010799e+000	0.000000e+000
8.501821519808598e+000	5.007261e+000	0.000000e+000
8.502423172537982e+000	5.003440e+000	0.000000e+000
8.503024825267367e+000	4.999337e+000	0.000000e+000
8.503626477996754e+000	4.994950e+000	0.000000e+000
8.504228130726139e+000	4.990281e+000	0.000000e+000
8.504685273583281e+000	4.986447e+000	0.000000e+000
8.505142416440423e+000	4.982425e+000	0.000000e+000
8.505599559297565e+000	4.978213e+000	0.000000e+000
8.506056702154705e+000	4.973813e+000	0.000000e+000
8.506513845011847e+000	4.969224e+000	0.000000e+000
8.506970987868989e+000	4.964447e+000	0.000000e+000
8.507428130726131e+000	4.959480e+000	0.000000e+000
8.507742416440417e+000	4.955982e+000	0.000000e+000
8.508056702154700e+000	4.952432e+000	0.000000e+000
8.508370987868986e+000	4.948831e+000	0.000000e+000
8.508685273583271e+000	4.945178e+000	0.000000e+000
8.508999559297557e+000	4.941474e+000	0.000000e+000
8.509313845011841e+000	4.937719e+000	0.000000e+000
8.509628130726126e+000	4.933912e+000	0.000000e+000
8.509985273583268e+000	4.929548e+000	0.000000e+000
8.510342416440411e+000	4.925158e+000	0.000000e+000
8.510699559297553e+000	4.920741e+000	0.000000e+000
8.511056702154694e+000	4.916298e+000	0.000000e+000
8.511413845011836e+000	4.911829e+000	0.000000e+000
8.511770987868978e+000	4.907333e+000	0.000000e+000
8.512128130726120e+000	4.902812e+000	0.000000e+000
8.512642416440405e+000	4.896281e+000	0.000000e+000
8.513156702154689e+000	4.889739e+000	0.000000e+000
8.513670987868974e+000	4.883186e+000	0.000000e+000
8.514185273583259e+000	4.876622e+000	0.000000e+000
8.514699559297544e+000	4.870046e+000	0.000000e+000
8.515213845011827e+000	4.863460e+000	0.000000e+000
8.515728130726112e+000	4.856862e+000	0.000000e+000
8.516942416440395e+000	4.841286e+000	0.000000e+000
8.518156702154677e+000	4.825723e+000	0.000000e+000
8.519370987868960e+000	4.810174e+000	0.000000e+000
8.520585273583244e+000	4.794637e+000	0.000000e+000
8.521799559297527e+000	4.779113e+000	0.000000e+000
8.523013845011809e+000	4.763601e+000	0.000000e+000
8.524228130726092e+000	4.748103e+000	0.000000e+000
8.566828130725993e+000	4.216075e+000	0.000000e+000
8.581442416440245e+000	4.038705e+000	0.000000e+000
8.596056702154495e+000	3.863772e+000	0.000000e+000
8.610670987868748e+000	3.691274e+000	0.000000e+000
8.625285273583000e+000	3.521213e+000	0.000000e+000
8.639899559297252e+000	3.353587e+000	0.000000e+000
8.654513845011502e+000	3.188398e+000	0.000000e+000
8.669128130725754e+000	3.025646e+000	0.000000e+000
8.669228130725754e+000	3.024539e+000	0.000000e+000
8.683842416440006e+000	2.864112e+000	0.000000e+000
8.698456702154257e+000	2.705887e+000	0.000000e+000
8.713070987868509e+000	2.549867e+000	0.000000e+000
8.727685273582761e+000	2.396049e+000	0.000000e+000
8.742299559297013e+000	2.244436e+000	0.000000e+000
8.756913845011264e+000	2.095025e+000	0.000000e+000
8.771528130725516e+000	1.947819e+000	0.000000e+000
8.771628130725516e+000	1.946818e+000	0.000000e+000
8.786242416439768e+000	1.801714e+000	0.000000e+000
8.800856702154018e+000	1.658603e+000	0.000000e+000
8.815470987868270e+000	1.517485e+000	0.000000e+000
8.830085273582522e+000	1.378361e+000	0.000000e+000
8.844699559296775e+000	1.241229e+000	0.000000e+000
8.859313845011025e+000	1.106090e+000	0.000000e+000
8.873928130725277e+000	9.729444e-001	0.000000e+000
8.874028130725277e+000	9.720394e-001	0.000000e+000
8.888642416439529e+000	8.407957e-001	0.000000e+000
8.903256702153779e+000	7.113547e-001	0.000000e+000
8.917870987868032e+000	5.837164e-001	0.000000e+000
8.932485273582284e+000	4.578807e-001	0.000000e+000
8.947099559296536e+000	3.338476e-001	0.000000e+000
8.961713845010786e+000	2.116172e-001	0.000000e+000
8.976328130725038e+000	9.118944e-002	0.000000e+000
8.976428130725038e+000	9.037089e-002	0.000000e+000
8.979795554907176e+000	6.285447e-002	0.000000e+000
8.983162979089313e+000	3.542799e-002	0.000000e+000
8.986530403271450e+000	8.091461e-003	0.000000e+000
8.989897827453588e+000	-1.915512e-002	0.000000e+000
8.993265251635725e+000	-4.631174e-002	0.000000e+000
8.996632675817862e+000	-7.337842e-002	0.000000e+000
9.000000099999999e+000	-1.003551e-001	0.000000e+000
9.000000108952241e+000	-1.003598e-001	4.476121e-001
9.000000117849618e+000	-1.004091e-001	8.924809e-001
9.000000127439698e+000	-1.005287e-001	1.371985e+000
9.000000137909716e+000	-1.007563e-001	1.895486e+000
9.000000149090774e+000	-1.011173e-001	2.454539e+000
9.000000164248741e+000	-1.017603e-001	3.212437e+000
9.000000181823005e+000	-1.026365e-001	4.091150e+000
9.000000200000001e+000	-1.036099e-001	5.000000e+000
9.000000212723897e+000	-1.042568e-001	5.000000e+000
9.000000223093938e+000	-1.046686e-001	5.000000e+000
9.000000234856255e+000	-1.049782e-001	5.000000e+000
9.000000246875146e+000	-1.050977e-001	5.000000e+000
9.000000260236467e+000	-1.050050e-001	5.000000e+000
9.000000275518138e+000	-1.046728e-001	5.000000e+000
9.000000291938136e+000	-1.041344e-001	5.000000e+000
9.000000314851240e+000	-1.032580e-001	5.000000e+000
9.000000334585089e+000	-1.025149e-001	5.000000e+000
9.000000377024481e+000	-1.012989e-001	5.000000e+000
9.000000399933168e+000	-1.009038e-001	5.000000e+000
9.000000428172600e+000	-1.006200e-001	5.000000e+000
9.000000463615471e+000	-1.004501e-001	5.000000e+000
9.000000599184714e+000	-1.003592e-001	5.000000e+000
9.006220409765444e+000	-1.934632e-002	5.000000e+000
9.012440220346173e+000	6.118076e-002	5.000000e+000
9.018660030926903e+000	1.412221e-001	5.000000e+000
9.024879841507632e+000	2.207776e-001	5.000000e+000
9.031099652088361e+000	2.998475e-001	5.000000e+000
9.037319462669091e+000	3.784315e-001	5.000000e+000
9.043539273249820e+000	4.565298e-001	5.000000e+000
9.070439273249757e+000	7.889017e-001	5.000000e+000
9.085053558964010e+000	9.657447e-001	5.000000e+000
9.099667844678260e+000	1.140159e+000	5.000000e+000
9.114282130392512e+000	1.312144e+000	5.000000e+000
9.128896416106764e+000	1.481700e+000	5.000000e+000
9.143510701821016e+000	1.648827e+000	5.000000e+000
9.158124987535267e+000	1.813525e+000	5.000000e+000
9.172739273249519e+000	1.975794e+000	5.000000e+000
9.172839273249519e+000	1.976897e+000	5.000000e+000
9.187453558963771e+000	2.136848e+000	5.000000e+000
9.202067844678021e+000	2.294602e+000	5.000000e+000
9.216682130392274e+000	2.450159e+000	5.000000e+000
9.231296416106526e+000	2.603520e+000	5.000000e+000
9.245910701820778e+000	2.754683e+000	5.000000e+000
9.260524987535028e+000	2.903649e+000	5.000000e+000
9.275139273249280e+000	3.050418e+000	5.000000e+000
9.275239273249280e+000	3.051416e+000	5.000000e+000
9.289853558963532e+000	3.196089e+000	5.000000e+000
9.304467844677783e+000	3.338774e+000	5.000000e+000
9.319082130392035e+000	3.479473e+000	5.000000e+000
9.333696416106287e+000	3.618184e+000	5.000000e+000
9.348310701820539e+000	3.754908e+000	5.000000e+000
9.362924987534790e+000	3.889646e+000	5.000000e+000
9.377539273249042e+000	4.022396e+000	5.000000e+000
9.377639273249042e+000	4.023298e+000	5.000000e+000
9.390710701820440e+000	4.140439e+000	5.000000e+000
9.403782130391837e+000	4.256134e+000	5.000000e+000
9.416853558963236e+000	4.370381e+000	5.000000e+000
9.429924987534633e+000	4.483182e+000	5.000000e+000
9.442996416106032e+000	4.594535e+000	5.000000e+000
9.456067844677429e+000	4.704442e+000	5.000000e+000
9.469139273248828e+000	4.812902e+000	5.000000e+000
9.470310701820255e+000	4.822559e+000	5.000000e+000
9.471482130391680e+000	4.832195e+000	5.000000e+000
9.472653558963106e+000	4.841811e+000	5.000000e+000
9.473824987534531e+000	4.851407e+000	5.000000e+000
9.474996416105958e+000	4.860982e+000	5.000000e+000
9.476167844677383e+000	4.870536e+000	5.000000e+000
9.477339273248809e+000	4.880070e+000	5.000000e+000
9.477710701820238e+000	4.883084e+000	5.000000e+000
9.478082130391664e+000	4.886091e+000	5.000000e+000
9.478453558963093e+000	4.889094e+000	5.000000e+000
9.478824987534519e+000	4.892090e+000	5.000000e+000
9.479196416105948e+000	4.895081e+000	5.000000e+000
9.479567844677375e+000	4.898067e+000	5.000000e+000
9.479939273248803e+000	4.901047e+000	5.000000e+000
9.480039273248803e+000	4.901848e+000	5.000000e+000
9.480610701820231e+000	4.906423e+000	5.000000e+000
9.481182130391657e+000	4.910967e+000	5.000000e+000
9.481753558963085e+000	4.915480e+000	5.000000e+000
9.482324987534511e+000	4.919963e+000	5.000000e+000
9.482896416105939e+000	4.924415e+000	5.000000e+000
9.483467844677366e+000	4.928836e+000	5.000000e+000
9.484039273248794e+000	4.933227e+000	5.000000e+000
9.484553558963079e+000	4.937141e+000	5.000000e+000
9.485067844677362e+000	4.940997e+000	5.000000e+000
9.485582130391647e+000	4.944795e+000	5.000000e+000
9.486096416105932e+000	4.948536e+000	5.000000e+000
9.486610701820217e+000	4.952219e+000	5.000000e+000
9.487124987534500e+000	4.955844e+000	5.000000e+000
9.487639273248785e+000	4.959412e+000	5.000000e+000
9.488496416105926e+000	4.965187e+000	5.000000e+000
9.489353558963067e+000	4.970692e+000	5.000000e+000
9.490210701820208e+000	4.975927e+000	5.000000e+000
9.491067844677348e+000	4.980892e+000	5.000000e+000
9.491924987534489e+000	4.985587e+000	5.000000e+000
9.492782130391630e+000	4.990012e+000	5.000000e+000
9.493639273248771e+000	4.994166e+000	5.000000e+000
9.494547977070376e+000	4.998216e+000	5.000000e+000
9.495456680891980e+000	5.002026e+000	5.000000e+000
9.496365384713585e+000	5.005597e+000	5.000000e+000
9.497274088535187e+000	5.008928e+000	5.000000e+000
9.498182792356792e+000	5.012020e+000	5.000000e+000
9.499091496178396e+000	5.014873e+000	5.000000e+000
9.500000200000001e+000	5.017487e+000	5.000000e+000
9.500000300000000e+000	5.017562e+000	0.000000e+000
9.500002647535489e+000	5.017535e+000	0.000000e+000
9.500004995070979e+000	5.017510e+000	0.000000e+000
9.500007342606468e+000	5.017487e+000	0.000000e+000
9.500009690141956e+000	5.017466e+000	0.000000e+000
9.500012037677445e+000	5.017448e+000	0.000000e+000
9.500014385212936e+000	5.017431e+000	0.000000e+000
9.500016732748424e+000	5.017416e+000	0.000000e+000
9.500618556424749e+000	5.014472e+000	0.000000e+000
9.501220380101074e+000	5.011248e+000	0.000000e+000
9.501822203777399e+000	5.007743e+000	0.000000e+000
9.502424027453724e+000	5.003959e+000	0.000000e+000
9.503025851130049e+000	4.999894e+000	0.000000e+000
9.503627674806374e+000	4.995550e+000	0.000000e+000
9.504229498482699e+000	4.990925e+000	0.000000e+000
9.504686641339841e+000	4.987127e+000	0.000000e+000
9.505143784196983e+000	4.983140e+000	0.000000e+000
9.505600927054125e+000	4.978962e+000	0.000000e+000
9.506058069911266e+000	4.974594e+000	0.000000e+000
9.506515212768408e+000	4.970037e+000	0.000000e+000
9.506972355625550e+000	4.965289e+000	0.000000e+000
9.507429498482692e+000	4.960351e+000	0.000000e+000
9.507743784196977e+000	4.956870e+000	0.000000e+000
9.508058069911261e+000	4.953335e+000	0.000000e+000
9.508372355625546e+000	4.949749e+000	0.000000e+000
9.508686641339832e+000	4.946109e+000	0.000000e+000
9.509000927054117e+000	4.942417e+000	0.000000e+000
9.509315212768401e+000	4.938672e+000	0.000000e+000
9.509629498482687e+000	4.934875e+000	0.000000e+000
9.509986641339829e+000	4.930520e+000	0.000000e+000
9.510343784196971e+000	4.926138e+000	0.000000e+000
9.510700927054113e+000	4.921728e+000	0.000000e+000
9.511058069911254e+000	4.917291e+000	0.000000e+000
9.511415212768396e+000	4.912827e+000	0.000000e+000
9.511772355625539e+000	4.908336e+000	0.000000e+000
9.512129498482681e+000	4.903817e+000	0.000000e+000
9.512629498482680e+000	4.897472e+000	0.000000e+000
9.513129498482678e+000	4.891116e+000	0.000000e+000
9.513629498482677e+000	4.884748e+000	0.000000e+000
9.514129498482676e+000	4.878368e+000	0.000000e+000
9.514629498482675e+000	4.871978e+000	0.000000e+000
9.515129498482674e+000	4.865575e+000	0.000000e+000
9.515629498482673e+000	4.859162e+000	0.000000e+000
9.516786641339813e+000	4.844320e+000	0.000000e+000
9.517943784196953e+000	4.829488e+000	0.000000e+000
9.519100927054094e+000	4.814668e+000	0.000000e+000
9.520258069911233e+000	4.799858e+000	0.000000e+000
9.521415212768373e+000	4.785059e+000	0.000000e+000
9.522572355625513e+000	4.770272e+000	0.000000e+000
9.523729498482654e+000	4.755495e+000	0.000000e+000
9.576029498482532e+000	4.105029e+000	0.000000e+000
9.590643784196784e+000	3.929238e+000	0.000000e+000
9.605258069911034e+000	3.755862e+000	0.000000e+000
9.619872355625287e+000	3.584900e+000	0.000000e+000
9.634486641339539e+000	3.416352e+000	0.000000e+000
9.649100927053791e+000	3.250219e+000	0.000000e+000
9.663715212768041e+000	3.086501e+000	0.000000e+000
9.678329498482293e+000	2.925197e+000	0.000000e+000
9.678429498482293e+000	2.924100e+000	0.000000e+000
9.693043784196545e+000	2.765101e+000	0.000000e+000
9.707658069910796e+000	2.608285e+000	0.000000e+000
9.722272355625048e+000	2.453653e+000	0.000000e+000
9.736886641339300e+000	2.301205e+000	0.000000e+000
9.751500927053552e+000	2.150941e+000	0.000000e+000
9.766115212767803e+000	2.002861e+000	0.000000e+000
9.780729498482055e+000	1.856964e+000	0.000000e+000
9.780829498482055e+000	1.855973e+000	0.000000e+000
9.795443784196307e+000	1.712160e+000	0.000000e+000
9.810058069910557e+000	1.570324e+000	0.000000e+000
9.824672355624809e+000	1.430462e+000	0.000000e+000
9.839286641339061e+000	1.292576e+000	0.000000e+000
9.853900927053314e+000	1.156665e+000	0.000000e+000
9.868515212767564e+000	1.022729e+000	0.000000e+000
9.883129498481816e+000	8.907685e-001	0.000000e+000
9.883229498481816e+000	8.898716e-001	0.000000e+000
9.897843784196068e+000	7.597963e-001	0.000000e+000
9.912458069910318e+000	6.315075e-001	0.000000e+000
9.927072355624571e+000	5.050054e-001	0.000000e+000
9.941686641338823e+000	3.802899e-001	0.000000e+000
9.956300927053075e+000	2.573610e-001	0.000000e+000
9.970915212767325e+000	1.362187e-001	0.000000e+000
9.985529498481577e+000	1.686294e-002	0.000000e+000
9.985629498481577e+000	1.605168e-002	0.000000e+000
9.987682398698494e+000	-5.849639e-004	0.000000e+000
9.989735298915413e+000	-1.718833e-002	0.000000e+000
9.991788199132330e+000	-3.375841e-002	0.000000e+000
9.993841099349249e+000	-5.029521e-002	0.000000e+000
9.995893999566166e+000	-6.679873e-002	0.000000e+000
9.997946899783084e+000	-8.326896e-002	0.000000e+000
9.999999800000001e+000	-9.970592e-002	0.000000e+000
9.999999900000001e+000	-9.970672e-002	0.000000e+000
1.000000000000000e+001	-9.970752e-002	0.000000e+000
